$ANSIBLE_VAULT;1.1;AES256
35616461376264656239383238386537336131393663316264316332326266343436343238636633
6137346265383565346366336633313664613538326435640a653239306638353266663263343965
62386162396663646232336666616638353634323861366164363932353431623933393234636262
6365343962316237340a346165646166323531353431353832326331323033623331616235336530
34333563623231333064366164663566393439346335366632626436346434323135653431346563
39633635393765313230623131653138313734646637343933616334323965653363633338623864
35363833383439393233616430353132633730616262386666343961613335376465663866613631
64306334373166376333323637306636383538373164636233343630343830343666663463363432
61363762613738663765616132396535373837343033333938396432613434363161343430646265
66396137393362666536386464666139353332326533653036326362366637306531613039393633
38323838353639313630646335613563363430656231653038363930303036653433303632303233
61346436613935643763393034633733383034376466373934666464363635663631653134623934
62303764326664353231636536646537343237313961343964633462386538633164
